Ratio_Area_1: 58.72315245343031 0 0
Ratio_Area_2: 23.225652620843146 8.774347379156856 0
Ratio_Area_3: 0 0 4.0
