Ratio_Area_1: 162.0 0 0
Ratio_Area_2: 162.0 0.0 0
Ratio_Area_3: 90.65706800757353 34.28064887757719 37.06228311484927
