Ratio_Area_1: 164.1635236573865 0 0
Ratio_Area_2: 17.38801300479782 14.61198699520218 0
Ratio_Area_3: 0 0 4.0
