Ratio_Area_1: 162.0 0 0
Ratio_Area_2: 162.0 0.0 0
Ratio_Area_3: 79.35891922601701 57.85902063286049 24.782060141122496
