Ratio_Area_1: 100.00402670163949 0 0
Ratio_Area_2: 21.757821279243473 10.24217872075653 0
Ratio_Area_3: 0 0 4.0
