Ratio_Area_1: 42.44384159064296 0 0
Ratio_Area_2: 22.66114434338714 9.338855656612862 0
Ratio_Area_3: 0 0 4.0
