Ratio_Area_1: 162.0 0 0
Ratio_Area_2: 162.0 0.0 0
Ratio_Area_3: 119.69790615204197 35.34989464654448 6.952199201413561
