total_energy
Credit: 491.399202814791
Energy: 320.4997908175721
Mixed: 494.2098843033429
EFT: 481.97600024766274
Runtime: 501.4071530601327

carbon_used
Credit: 228.29050468820532
Energy: 344.53651539958554
Mixed: 273.3829034235321
EFT: 312.1648367641152
Runtime: 237.01844222343718
