Planned_Area_1: 121816517580 0 0
Planned_Area_2: 0 9768036266.666666 0
Planned_Area_3: 0 500978313.33333325 720026220
