Planned_Area_1: 16360350388.88889 0 0
Planned_Area_2: 776986351.1111112 386416343.20987654 0
Planned_Area_3: 0 90288936.79012346 55136400
