Planned_Area_1: 21564816500.0 0 0
Planned_Area_2: 1533498062.2222223 0 0
Planned_Area_3: 191687257.7777778 0 0
