Planned_Area_1: 22474734833.333332 0 0
Planned_Area_2: 1598203365.925926 0 0
Planned_Area_3: 199775420.74074075 0 0
