Planned_Area_1: 122968109611.11111 0 0
Planned_Area_2: 8744398905.679012 0 0
Planned_Area_3: 1093049863.2098765 0 0
