Planned_Area_1: 16360350388.88889 0 0
Planned_Area_2: 1163402694.3209877 0 0
Planned_Area_3: 145425336.79012346 0 0
