Planned_Area_1: 11626379888.88889 0 0
Planned_Area_2: 826764792.0987654 0 0
Planned_Area_3: 103345599.01234567 0 0
