Planned_Area_1: 16360350388.88889 0 0
Planned_Area_2: 1041361471.1111112 122041223.20987654 0
Planned_Area_3: 0 13774776.790123463 131650560
