Planned_Area_1: 22474734833.333332 0 0
Planned_Area_2: 1016919486.6666667 581283879.2592592 0
Planned_Area_3: 0 97551620.74074075 102223800
