Planned_Area_1: 11358733980 0 0
Planned_Area_2: 0 1064672266.6666666 0
Planned_Area_3: 0 78398833.33333333 54685200
