Planned_Area_1: 20239840500.0 0 0
Planned_Area_2: 1439277546.6666667 0 0
Planned_Area_3: 179909693.33333334 0 0
