Ratio_Area_1: 0.0 0 0
Ratio_Area_2: 15.069268542590486 3.896816603041774 0
Ratio_Area_3: 0 0 4.0
