Ratio_Area_1: 81.98784714000234 0 0
Ratio_Area_2: 21.389156695163 10.610843304837 0
Ratio_Area_3: 0 0 4.0
