Ratio_Area_1: 211.5541336929392 0 0
Ratio_Area_2: 30.00822125223275 1.99177874776725 0
Ratio_Area_3: 0 0 4.0
