Ratio_Area_1: 202.60152226610145 0 0
Ratio_Area_2: 26.252007692528885 5.747992307471116 0
Ratio_Area_3: 0 0 4.0
