Ratio_Area_1: 450.0 0 0
Ratio_Area_2: 21.37141624041623 10.628583759583769 0
Ratio_Area_3: 0 2.483444461137543 1.5165555388624572
