Ratio_Area_1: 162.0 0 0
Ratio_Area_2: 156.89041886147524 5.109581138524754 0
Ratio_Area_3: 0 77.35344453907878 84.64655546092122
