Ratio_Area_1: 341.40035270947857 0 0
Ratio_Area_2: 0 32.0 0
Ratio_Area_3: 0 2.356370824348826 1.6436291756511738
