Ratio_Area_1: 243.62374835357636 0 0
Ratio_Area_2: 11.661172746973685 20.338827253026317 0
Ratio_Area_3: 0 0 4.0
