Ratio_Area_1: 359.87639522753943 0 0
Ratio_Area_2: 24.723480897118268 7.276519102881732 0
Ratio_Area_3: 0 0 4.0
