Ratio_Area_1: 0.0 0 0
Ratio_Area_2: 23.48078040161764 2.0123509184543207 0
Ratio_Area_3: 0 0 4.0
