Ratio_Area_1: 139.46025972335292 0 0
Ratio_Area_2: 23.548509522089685 8.451490477910315 0
Ratio_Area_3: 0 0 4.0
