Ratio_Area_1: 162.0 0 0
Ratio_Area_2: 162.0 0.0 0
Ratio_Area_3: 96.45812702103115 45.018907371846055 20.5229656071228
