Ratio_Area_1: 29.43562795187287 0 0
Ratio_Area_2: 25.41969717326538 6.580302826734618 0
Ratio_Area_3: 0 0 4.0
