Ratio_Area_1: 449.99999999999994 0 0
Ratio_Area_2: 20.361253309262256 11.638746690737744 0
Ratio_Area_3: 0 1.9532256847019975 2.0467743152980025
