Ratio_Area_1: 450.0 0 0
Ratio_Area_2: 28.64319228262114 3.356807717378859 0
Ratio_Area_3: 0 0.3788824449484507 3.6211175550515495
