Ratio_Area_1: 118.50023403897943 0 0
Ratio_Area_2: 29.693527548537215 2.3064724514627835 0
Ratio_Area_3: 0 0 4.0
