Ratio_Area_1: 2.0 0 0
Ratio_Area_2: 0.6002430133657352 0.3997569866342649 0
Ratio_Area_3: 0 0.3001215066828676 0.6998784933171325
