Ratio_Area_1: 90.45216341907512 0 0
Ratio_Area_2: 12.87520157893078 19.12479842106922 0
Ratio_Area_3: 0 0 4.0
