Ratio_Area_1: 38.391917880473635 0 0
Ratio_Area_2: 25.268218661913178 6.731781338086822 0
Ratio_Area_3: 0 0 4.0
