Ratio_Area_1: 33.35819812713663 0 0
Ratio_Area_2: 27.680870511930348 4.319129488069652 0
Ratio_Area_3: 0 0 4.0
