Ratio_Area_1: 50.21102688840569 0 0
Ratio_Area_2: 24.713610192402978 7.286389807597023 0
Ratio_Area_3: 0 0 4.0
