Ratio_Area_1: 41.186981909517755 0 0
Ratio_Area_2: 22.541768454918287 9.458231545081713 0
Ratio_Area_3: 0 0 4.0
