Ratio_Area_1: 38.467397695819685 0 0
Ratio_Area_2: 22.766817779864958 9.233182220135044 0
Ratio_Area_3: 0 0 4.0
