Ratio_Area_1: 181.5172170228744 0 0
Ratio_Area_2: 0 32.0 0
Ratio_Area_3: 0 3.1655746467980737 0.8344253532019266
