Ratio_Area_1: 399.06982899544795 0 0
Ratio_Area_2: 0 32.0 0
Ratio_Area_3: 0 1.6412005022312774 2.3587994977687226
