job_id,workload_name,profile,submission_time,requested_number_of_resources,requested_time,success,final_state,starting_time,execution_time,finish_time,waiting_time,turnaround_time,stretch,allocated_resources,consumed_energy,metadata
22,22,delay,0.000000,1,21.000000,1,COMPLETED_SCCESSFULLY,0.000000,7.000000,7.000000,0.000000,7.000000,1.000000,4,-1.000000,""
19,19,delay,1.000000,1,16.000000,1,COMPLETED_SCCESSFULLY,1.000000,25.000000,26.000000,0.000000,26.000000,1.000000,3,-1.000000,""
6,6,delay,2.000000,1,21.000000,1,COMPLETED_SCCESSFULLY,2.000000,29.000000,31.000000,0.000000,31.000000,1.000000,2,-1.000000,""
30,30,delay,3.000000,1,17.000000,1,COMPLETED_SCCESSFULLY,3.000000,20.000000,23.000000,0.000000,23.000000,1.000000,1,-1.000000,""
16,16,delay,3.000000,1,11.000000,1,COMPLETED_SCCESSFULLY,7.000000,15.000000,22.000000,4.000000,22.000000,1.000000,4,-1.000000,""
4,4,delay,3.000000,1,30.000000,1,COMPLETED_SCCESSFULLY,22.000000,20.000000,42.000000,19.000000,42.000000,1.000000,4,-1.000000,""
1,1,delay,3.000000,1,12.000000,1,COMPLETED_SCCESSFULLY,42.000000,22.000000,64.000000,39.000000,64.000000,1.000000,4,-1.000000,""
11,11,delay,4.000000,1,17.000000,1,COMPLETED_SCCESSFULLY,64.000000,18.000000,82.000000,60.000000,82.000000,1.000000,4,-1.000000,""
18,18,delay,5.000000,1,21.000000,1,COMPLETED_SCCESSFULLY,82.000000,16.000000,98.000000,77.000000,98.000000,1.000000,4,-1.000000,""
27,27,delay,7.000000,1,16.000000,1,COMPLETED_SCCESSFULLY,98.000000,8.000000,106.000000,91.000000,106.000000,1.000000,4,-1.000000,""
8,8,delay,7.000000,1,21.000000,1,COMPLETED_SCCESSFULLY,106.000000,10.000000,116.000000,99.000000,116.000000,1.000000,4,-1.000000,""
2,2,delay,7.000000,1,12.000000,1,COMPLETED_SCCESSFULLY,116.000000,14.000000,130.000000,109.000000,130.000000,1.000000,4,-1.000000,""
29,29,delay,8.000000,1,23.000000,1,COMPLETED_SCCESSFULLY,130.000000,16.000000,146.000000,122.000000,146.000000,1.000000,4,-1.000000,""
24,24,delay,8.000000,1,18.000000,1,COMPLETED_SCCESSFULLY,146.000000,5.000000,151.000000,138.000000,151.000000,1.000000,4,-1.000000,""
26,26,delay,9.000000,1,21.000000,1,COMPLETED_SCCESSFULLY,151.000000,9.000000,160.000000,142.000000,160.000000,1.000000,4,-1.000000,""
25,25,delay,9.000000,1,22.000000,1,COMPLETED_SCCESSFULLY,160.000000,9.000000,169.000000,151.000000,169.000000,1.000000,4,-1.000000,""
21,21,delay,9.000000,1,30.000000,1,COMPLETED_SCCESSFULLY,169.000000,8.000000,177.000000,160.000000,177.000000,1.000000,4,-1.000000,""
17,17,delay,9.000000,1,18.000000,1,COMPLETED_SCCESSFULLY,177.000000,6.000000,183.000000,168.000000,183.000000,1.000000,4,-1.000000,""
15,15,delay,10.000000,1,27.000000,1,COMPLETED_SCCESSFULLY,183.000000,10.000000,193.000000,173.000000,193.000000,1.000000,4,-1.000000,""
9,9,delay,10.000000,1,18.000000,1,COMPLETED_SCCESSFULLY,193.000000,5.000000,198.000000,183.000000,198.000000,1.000000,4,-1.000000,""
7,7,delay,10.000000,1,27.000000,1,COMPLETED_SCCESSFULLY,198.000000,15.000000,213.000000,188.000000,213.000000,1.000000,4,-1.000000,""
13,13,delay,12.000000,1,12.000000,1,COMPLETED_SCCESSFULLY,213.000000,16.000000,229.000000,201.000000,229.000000,1.000000,4,-1.000000,""
23,23,delay,13.000000,1,12.000000,1,COMPLETED_SCCESSFULLY,229.000000,12.000000,241.000000,216.000000,241.000000,1.000000,4,-1.000000,""
20,20,delay,13.000000,1,12.000000,1,COMPLETED_SCCESSFULLY,241.000000,5.000000,246.000000,228.000000,246.000000,1.000000,4,-1.000000,""
28,28,delay,14.000000,1,15.000000,1,COMPLETED_SCCESSFULLY,246.000000,12.000000,258.000000,232.000000,258.000000,1.000000,4,-1.000000,""
14,14,delay,14.000000,1,18.000000,1,COMPLETED_SCCESSFULLY,258.000000,9.000000,267.000000,244.000000,267.000000,1.000000,4,-1.000000,""
10,10,delay,14.000000,1,25.000000,1,COMPLETED_SCCESSFULLY,267.000000,10.000000,277.000000,253.000000,277.000000,1.000000,4,-1.000000,""
5,5,delay,14.000000,1,14.000000,1,COMPLETED_SCCESSFULLY,277.000000,14.000000,291.000000,263.000000,291.000000,1.000000,4,-1.000000,""
12,12,delay,15.000000,1,24.000000,1,COMPLETED_SCCESSFULLY,291.000000,5.000000,296.000000,276.000000,296.000000,1.000000,4,-1.000000,""
3,3,delay,15.000000,1,24.000000,1,COMPLETED_SCCESSFULLY,296.000000,10.000000,306.000000,281.000000,306.000000,1.000000,4,-1.000000,""
